StateGlucose, StateTime, ActionBasal, ActionBolus, Reward, Step, Episode
100, 720, 0, 0, 1, 0, 0
100, 725, 0, 0, 1, 1, 0
100, 740, 0, 0, 1, 4, 0
100, 750, 0, 0, 1, 6, 0
100, 730, 0, 0, 1, 2, 0
100, 760, 0, 0, 1, 8, 0
100, 765, 0, 0, 1, 9, 0
100, 735, 0, 0, 1, 3, 0
100, 745, 0, 0, 1, 5, 0
100, 755, 0, 0, 1, 7, 0
101, 785, 0, 0, 1, 13, 0
101, 790, 0, 0, 1, 14, 0
102, 795, 0, 0, 1, 15, 0
102, 800, 0, 0, 1, 16, 0
100, 770, 0, 0, 1, 10, 0
103, 810, 0, 0, 1, 18, 0
103, 815, 0, 0, 1, 19, 0
103, 820, 0, 0, 1, 20, 0
104, 825, 0, 0, 1, 21, 0
104, 830, 0, 0, 1, 22, 0
104, 835, 3, 0, 1, 23, 0
104, 840, 0, 0, 1, 24, 0
104, 845, 0, 0, 1, 25, 0
105, 850, 0, 0, 1, 26, 0
105, 855, 0, 0, 1, 27, 0
105, 860, 0, 0, 1, 28, 0
105, 865, 0, 0, 1, 29, 0
104, 870, 0, 0, 1, 30, 0
104, 875, 0, 0, 1, 31, 0
104, 880, 0, 0, 1, 32, 0
103, 885, 0, 0, 1, 33, 0
103, 890, 0, 0, 1, 34, 0
102, 895, 3, 0, 1, 35, 0
101, 900, 0, 0, 1, 36, 0
101, 905, 0, 0, 1, 37, 0
100, 910, 0, 0, 1, 38, 0
99, 915, 0, 0, -1, 39, 0
98, 920, 0, 0, -1, 40, 0
100, 775, 2, 0, 1, 11, 0
97, 930, 0, 0, -1, 42, 0
96, 935, 0, 0, -1, 43, 0
94, 940, 0, 0, -1, 44, 0
93, 945, 0, 0, -1, 45, 0
92, 950, 0, 0, -1, 46, 0
91, 955, 3, 0, -1, 47, 0
90, 960, 0, 0, -1, 48, 0
89, 965, 0, 0, -2, 49, 0
88, 970, 0, 0, -2, 50, 0
87, 975, 0, 0, -2, 51, 0
86, 980, 0, 0, -2, 52, 0
85, 985, 0, 0, -2, 53, 0
84, 990, 0, 0, -2, 54, 0
83, 995, 0, 0, -2, 55, 0
82, 1000, 0, 0, -2, 56, 0
80, 1005, 0, 0, -2, 57, 0
79, 1010, 0, 0, -2, 58, 0
78, 1015, 2, 0, -2, 59, 0
78, 1020, 0, 0, -2, 60, 0
77, 1025, 0, 0, -3, 61, 0
76, 1030, 0, 0, -3, 62, 0
75, 1035, 0, 0, -3, 63, 0
75, 1040, 0, 0, -3, 64, 0
74, 1045, 0, 0, -3, 65, 0
73, 1050, 0, 0, -3, 66, 0
73, 1055, 0, 0, -3, 67, 0
72, 1060, 0, 0, -4, 68, 0
72, 1065, 0, 0, -4, 69, 0
71, 1070, 0, 0, -4, 70, 0
71, 1075, 2, 0, -4, 71, 0
100, 780, 0, 0, 1, 12, 0
70, 1085, 0, 0, -5, 73, 0
70, 1090, 0, 0, -5, 74, 0
70, 1095, 0, 0, -5, 75, 0
70, 1100, 0, 0, -5, 76, 0
102, 805, 0, 0, 1, 17, 0
70, 1110, 0, 0, -5, 78, 0
98, 925, 0, 0, -1, 41, 0
70, 1105, 0, 0, -5, 77, 0
71, 1080, 0, 0, -4, 72, 0
70, 1115, 0, 0, -5, 79, 0
70, 1120, 0, 0, -5, 80, 0
70, 1125, 0, 0, -5, 81, 0
70, 1130, 0, 0, -5, 82, 0
71, 1150, 0, 0, -4, 86, 0
71, 1155, 0, 0, -4, 87, 0
71, 1160, 0, 0, -4, 88, 0
71, 1165, 0, 0, -4, 89, 0
71, 1170, 0, 0, -4, 90, 0
71, 1175, 0, 0, -4, 91, 0
70, 1135, 3, 0, -5, 83, 0
70, 1140, 0, 0, -5, 84, 0
70, 1145, 0, 0, -5, 85, 0
71, 1180, 0, 0, -4, 92, 0
71, 1185, 0, 0, -4, 93, 0
71, 1190, 0, 0, -4, 94, 0
71, 1210, 0, 0, -4, 98, 0
71, 1215, 0, 0, -4, 99, 0
71, 1220, 0, 0, -4, 100, 0
71, 1195, 3, 0, -4, 95, 0
71, 1230, 0, 0, -4, 102, 0
71, 1235, 0, 0, -4, 103, 0
71, 1200, 0, 0, -4, 96, 0
71, 1205, 0, 0, -4, 97, 0
71, 1225, 0, 0, -4, 101, 0
71, 1240, 0, 0, -4, 104, 0
73, 1245, 0, 0, -3, 105, 0
77, 0, 0, 3, -3, 106, 0
83, 0, 4, 2, -2, 107, 0
91, 0, 0, 2, -1, 108, 0
100, 0, 0, 3, 1, 109, 0
111, 0, 0, 3, 1, 110, 0
123, 0, 0, 3, 1, 111, 0
136, 0, 0, 3, 1, 112, 0
149, 0, 0, 4, 1, 113, 0
157, 0, 0, 4, 1, 114, 0
160, 5, 0, 0, 1, 115, 0
159, 10, 0, 0, 1, 116, 0
153, 15, 0, 0, 1, 117, 0
143, 20, 0, 0, 1, 118, 0
130, 25, 3, 0, 1, 119, 0
115, 30, 0, 0, 1, 120, 0
99, 35, 0, 0, -1, 121, 0
82, 40, 0, 0, -2, 122, 0
68, 45, 0, 0, -1000, 123, 0
56, 50, 0, 0, -1000, 124, 0
29, 70, 0, 0, -1000, 128, 0
26, 75, 0, 0, -1000, 129, 0
47, 55, 0, 0, -1000, 125, 0
39, 60, 0, 0, -1000, 126, 0
34, 65, 0, 0, -1000, 127, 0
20, 95, 0, 0, -1000, 133, 0
19, 100, 0, 0, -1000, 134, 0
19, 105, 0, 0, -1000, 135, 0
19, 110, 0, 0, -1000, 136, 0
24, 80, 0, 0, -1000, 130, 0
22, 85, 3, 0, -1000, 131, 0
21, 90, 0, 0, -1000, 132, 0
19, 115, 0, 0, -1000, 137, 0
18, 120, 0, 0, -1000, 138, 0
18, 125, 0, 0, -1000, 139, 0
18, 130, 0, 0, -1000, 140, 0
18, 135, 0, 0, -1000, 141, 0
19, 140, 0, 0, -1000, 142, 0
19, 145, 2, 0, -1000, 143, 0
19, 150, 0, 0, -1000, 144, 0
19, 155, 0, 0, -1000, 145, 0
19, 160, 0, 0, -1000, 146, 0
20, 165, 0, 0, -1000, 147, 0
20, 170, 0, 0, -1000, 148, 0
20, 175, 0, 0, -1000, 149, 0
21, 180, 0, 0, -1000, 150, 0
21, 185, 0, 0, -1000, 151, 0
21, 190, 0, 0, -1000, 152, 0
22, 195, 0, 0, -1000, 153, 0
22, 200, 0, 0, -1000, 154, 0
23, 205, 2, 0, -1000, 155, 0
23, 210, 0, 0, -1000, 156, 0
24, 215, 0, 0, -1000, 157, 0
40, 0, 0, 3, -1000, 161, 0
49, 0, 0, 2, -1000, 162, 0
58, 0, 0, 3, -1000, 163, 0
24, 220, 0, 0, -1000, 158, 0
28, 225, 0, 0, -1000, 159, 0
33, 0, 0, 3, -1000, 160, 0
68, 0, 0, 2, -1000, 164, 0
80, 0, 0, 3, -2, 165, 0
91, 0, 0, 2, -1, 166, 0
103, 0, 1, 2, 1, 167, 0
110, 0, 0, 4, 1, 168, 0
99, 20, 0, 0, -1, 172, 0
112, 5, 0, 0, 1, 169, 0
110, 10, 0, 0, 1, 170, 0
106, 15, 0, 0, 1, 171, 0
89, 25, 0, 0, -2, 173, 0
79, 30, 0, 0, -2, 174, 0
67, 35, 0, 0, -1000, 175, 0
55, 40, 0, 0, -1000, 176, 0
46, 45, 0, 0, -1000, 177, 0
39, 50, 0, 0, -1000, 178, 0
34, 55, 2, 0, -1000, 179, 0
30, 60, 0, 0, -1000, 180, 0
27, 65, 0, 0, -1000, 181, 0
25, 70, 0, 0, -1000, 182, 0
24, 75, 0, 0, -1000, 183, 0
22, 80, 0, 0, -1000, 184, 0
20, 100, 0, 0, -1000, 188, 0
20, 105, 0, 0, -1000, 189, 0
20, 110, 0, 0, -1000, 190, 0
20, 115, 3, 0, -1000, 191, 0
20, 120, 0, 0, -1000, 192, 0
20, 125, 0, 0, -1000, 193, 0
21, 130, 0, 0, -1000, 194, 0
21, 135, 0, 0, -1000, 195, 0
21, 140, 0, 0, -1000, 196, 0
22, 85, 0, 0, -1000, 185, 0
21, 90, 0, 0, -1000, 186, 0
21, 95, 0, 0, -1000, 187, 0
22, 160, 0, 0, -1000, 200, 0
23, 165, 0, 0, -1000, 201, 0
21, 145, 0, 0, -1000, 197, 0
23, 175, 2, 0, -1000, 203, 0
22, 150, 0, 0, -1000, 198, 0
22, 155, 0, 0, -1000, 199, 0
23, 170, 0, 0, -1000, 202, 0
24, 180, 0, 0, -1000, 204, 0
24, 185, 0, 0, -1000, 205, 0
26, 205, 0, 0, -1000, 209, 0
25, 190, 0, 0, -1000, 206, 0
27, 215, 0, 0, -1000, 211, 0
25, 195, 0, 0, -1000, 207, 0
28, 225, 0, 0, -1000, 213, 0
26, 200, 0, 0, -1000, 208, 0
27, 210, 0, 0, -1000, 210, 0
28, 220, 0, 0, -1000, 212, 0
32, 230, 0, 0, -1000, 214, 0
39, 0, 3, 3, -1000, 215, 0
47, 0, 0, 2, -1000, 216, 0
58, 0, 0, 2, -1000, 217, 0
70, 0, 0, 2, -7, 218, 0
83, 0, 0, 3, -2, 219, 0
97, 0, 0, 2, -1, 220, 0
112, 0, 0, 3, 1, 221, 0
127, 0, 0, 4, 1, 222, 0
136, 0, 0, 3, 1, 223, 0
124, 20, 2, 0, 1, 227, 0
139, 5, 0, 0, 1, 224, 0
98, 30, 0, 0, -1, 229, 0
138, 10, 0, 0, 1, 225, 0
133, 15, 0, 0, 1, 226, 0
112, 25, 0, 0, 1, 228, 0
84, 35, 0, 0, -2, 230, 0
68, 40, 0, 0, -1000, 231, 0
39, 55, 0, 0, -1000, 234, 0
47, 50, 0, 0, -1000, 233, 0
56, 45, 0, 0, -1000, 232, 0
34, 60, 0, 0, -1000, 235, 0
30, 65, 0, 0, -1000, 236, 0
27, 70, 0, 0, -1000, 237, 0
21, 90, 0, 0, -1000, 241, 0
25, 75, 0, 0, -1000, 238, 0
23, 80, 4, 0, -1000, 239, 0
22, 85, 0, 0, -1000, 240, 0
21, 95, 0, 0, -1000, 242, 0
20, 100, 0, 0, -1000, 243, 0
20, 105, 0, 0, -1000, 244, 0
20, 110, 0, 0, -1000, 245, 0
20, 115, 0, 0, -1000, 246, 0
20, 135, 0, 0, -1000, 250, 0
20, 140, 3, 0, -1000, 251, 0
20, 120, 0, 0, -1000, 247, 0
20, 125, 0, 0, -1000, 248, 0
20, 130, 0, 0, -1000, 249, 0
20, 145, 0, 0, -1000, 252, 0
21, 165, 0, 0, -1000, 256, 0
20, 150, 0, 0, -1000, 253, 0
20, 155, 0, 0, -1000, 254, 0
21, 160, 0, 0, -1000, 255, 0
21, 170, 0, 0, -1000, 257, 0
22, 175, 0, 0, -1000, 258, 0
23, 195, 0, 0, -1000, 262, 0
22, 180, 0, 0, -1000, 259, 0
22, 185, 0, 0, -1000, 260, 0
23, 190, 0, 0, -1000, 261, 0
25, 215, 0, 0, -1000, 266, 0
23, 200, 2, 0, -1000, 263, 0
24, 205, 0, 0, -1000, 264, 0
24, 210, 0, 0, -1000, 265, 0
25, 220, 0, 0, -1000, 267, 0
27, 240, 0, 0, -1000, 271, 0
28, 245, 0, 0, -1000, 272, 0
26, 225, 0, 0, -1000, 268, 0
26, 230, 0, 0, -1000, 269, 0
27, 235, 0, 0, -1000, 270, 0
28, 250, 0, 0, -1000, 273, 0
29, 255, 0, 0, -1000, 274, 0
30, 260, 2, 0, -1000, 275, 0
30, 265, 0, 0, -1000, 276, 0
31, 270, 0, 0, -1000, 277, 0
32, 275, 0, 0, -1000, 278, 0
32, 280, 0, 0, -1000, 279, 0
35, 300, 0, 0, -1000, 283, 0
33, 285, 0, 0, -1000, 280, 0
34, 290, 0, 0, -1000, 281, 0
38, 315, 0, 0, -1000, 286, 0
35, 295, 0, 0, -1000, 282, 0
36, 305, 0, 0, -1000, 284, 0
37, 310, 0, 0, -1000, 285, 0
38, 320, 3, 0, -1000, 287, 0
0, 720, 0, 0, -1000, 0, 1
100, 15, 0, 0, 1, 4, 1
99, 20, 0, 0, -1, 5, 1
99, 25, 0, 0, -1, 6, 1
100, 0, 0, 1, 1, 1, 1
99, 35, 0, 0, -1, 8, 1
100, 5, 0, 0, 1, 2, 1
99, 40, 0, 0, -1, 9, 1
100, 10, 0, 0, 1, 3, 1
99, 55, 0, 0, -1, 12, 1
99, 60, 0, 0, -1, 13, 1
99, 65, 0, 0, -1, 14, 1
99, 70, 0, 0, -1, 15, 1
99, 75, 0, 0, -1, 16, 1
99, 80, 0, 0, -1, 17, 1
99, 85, 0, 0, -1, 18, 1
99, 90, 0, 0, -1, 19, 1
99, 95, 0, 0, -1, 20, 1
99, 100, 0, 0, -1, 21, 1
99, 105, 0, 0, -1, 22, 1
99, 110, 1, 0, -1, 23, 1
99, 115, 0, 0, -1, 24, 1
99, 120, 0, 0, -1, 25, 1
100, 125, 0, 0, 1, 26, 1
100, 130, 0, 0, 1, 27, 1
100, 135, 0, 0, 1, 28, 1
101, 140, 0, 0, 1, 29, 1
101, 145, 0, 0, 1, 30, 1
101, 150, 0, 0, 1, 31, 1
102, 155, 0, 0, 1, 32, 1
102, 160, 0, 0, 1, 33, 1
103, 165, 0, 0, 1, 34, 1
103, 170, 2, 0, 1, 35, 1
104, 175, 0, 0, 1, 36, 1
104, 180, 0, 0, 1, 37, 1
105, 185, 0, 0, 1, 38, 1
106, 190, 0, 0, 1, 39, 1
106, 195, 0, 0, 1, 40, 1
107, 200, 0, 0, 1, 41, 1
107, 205, 0, 0, 1, 42, 1
108, 210, 0, 0, 1, 43, 1
108, 215, 0, 0, 1, 44, 1
108, 220, 0, 0, 1, 45, 1
108, 225, 0, 0, 1, 46, 1
109, 230, 3, 0, 1, 47, 1
109, 235, 0, 0, 1, 48, 1
109, 240, 0, 0, 1, 49, 1
109, 245, 0, 0, 1, 50, 1
109, 250, 0, 0, 1, 51, 1
109, 255, 0, 0, 1, 52, 1
109, 260, 0, 0, 1, 53, 1
109, 265, 0, 0, 1, 54, 1
108, 270, 0, 0, 1, 55, 1
108, 275, 0, 0, 1, 56, 1
107, 280, 0, 0, 1, 57, 1
107, 285, 0, 0, 1, 58, 1
106, 290, 3, 0, 1, 59, 1
105, 295, 0, 0, 1, 60, 1
104, 300, 0, 0, 1, 61, 1
99, 30, 0, 0, -1, 7, 1
103, 310, 0, 0, 1, 63, 1
102, 315, 0, 0, 1, 64, 1
99, 45, 0, 0, -1, 10, 1
99, 325, 0, 0, -1, 66, 1
98, 330, 0, 0, -1, 67, 1
97, 335, 0, 0, -1, 68, 1
96, 340, 0, 0, -1, 69, 1
94, 345, 0, 0, -1, 70, 1
93, 350, 3, 0, -1, 71, 1
92, 355, 0, 0, -1, 72, 1
99, 50, 1, 0, -1, 11, 1
103, 305, 0, 0, 1, 62, 1
101, 320, 0, 0, 1, 65, 1
88, 370, 0, 0, -2, 75, 1
86, 380, 0, 0, -2, 77, 1
85, 385, 0, 0, -2, 78, 1
91, 360, 0, 0, -1, 73, 1
90, 365, 0, 0, -2, 74, 1
82, 400, 0, 0, -2, 81, 1
81, 405, 0, 0, -2, 82, 1
79, 410, 2, 0, -2, 83, 1
78, 415, 0, 0, -2, 84, 1
78, 420, 0, 0, -2, 85, 1
77, 425, 0, 0, -3, 86, 1
76, 430, 0, 0, -3, 87, 1
75, 435, 0, 0, -3, 88, 1
75, 440, 0, 0, -3, 89, 1
74, 445, 0, 0, -3, 90, 1
73, 450, 0, 0, -3, 91, 1
73, 455, 0, 0, -3, 92, 1
72, 460, 0, 0, -4, 93, 1
72, 465, 0, 0, -4, 94, 1
71, 470, 3, 0, -4, 95, 1
71, 475, 0, 0, -4, 96, 1
71, 480, 0, 0, -4, 97, 1
71, 485, 0, 0, -4, 98, 1
70, 490, 0, 0, -5, 99, 1
70, 495, 0, 0, -5, 100, 1
70, 500, 0, 0, -5, 101, 1
70, 505, 0, 0, -5, 102, 1
70, 510, 0, 0, -6, 103, 1
70, 515, 0, 0, -7, 104, 1
75, 0, 0, 2, -3, 105, 1
86, 0, 0, 1, -2, 106, 1
101, 0, 3, 3, 1, 107, 1
120, 0, 0, 3, 1, 108, 1
144, 0, 0, 2, 1, 109, 1
170, 0, 0, 3, 1, 110, 1
200, 0, 0, 3, 0, 111, 1
231, 0, 0, 3, 0, 112, 1
263, 0, 0, 2, 0, 113, 1
284, 0, 0, 3, 0, 114, 1
294, 0, 0, 3, 0, 115, 1
294, 5, 0, 0, 0, 116, 1
284, 10, 0, 0, 0, 117, 1
266, 15, 0, 0, 0, 118, 1
241, 20, 2, 0, 0, 119, 1
211, 25, 0, 0, 0, 120, 1
178, 30, 0, 0, 1, 121, 1
143, 35, 0, 0, 1, 122, 1
114, 40, 0, 0, 1, 123, 1
87, 375, 0, 0, -2, 76, 1
84, 390, 0, 0, -2, 79, 1
57, 55, 0, 0, -1000, 126, 1
83, 395, 0, 0, -2, 80, 1
90, 45, 0, 0, -1, 124, 1
72, 50, 0, 0, -4, 125, 1
47, 60, 0, 0, -1000, 127, 1
38, 65, 0, 0, -1000, 128, 1
33, 70, 0, 0, -1000, 129, 1
22, 90, 0, 0, -1000, 133, 1
21, 95, 0, 0, -1000, 134, 1
20, 100, 0, 0, -1000, 135, 1
20, 105, 0, 0, -1000, 136, 1
19, 110, 0, 0, -1000, 137, 1
19, 115, 0, 0, -1000, 138, 1
28, 75, 0, 0, -1000, 130, 1
19, 125, 0, 0, -1000, 140, 1
25, 80, 3, 0, -1000, 131, 1
19, 135, 0, 0, -1000, 142, 1
19, 140, 3, 0, -1000, 143, 1
19, 145, 0, 0, -1000, 144, 1
19, 120, 0, 0, -1000, 139, 1
23, 85, 0, 0, -1000, 132, 1
19, 130, 0, 0, -1000, 141, 1
21, 165, 0, 0, -1000, 148, 1
21, 170, 0, 0, -1000, 149, 1
21, 175, 0, 0, -1000, 150, 1
22, 180, 0, 0, -1000, 151, 1
22, 185, 0, 0, -1000, 152, 1
22, 190, 0, 0, -1000, 153, 1
26, 195, 0, 0, -1000, 154, 1
32, 0, 3, 2, -1000, 155, 1
40, 0, 0, 1, -1000, 156, 1
49, 0, 0, 4, -1000, 157, 1
60, 0, 0, 3, -1000, 158, 1
74, 0, 0, 2, -3, 159, 1
91, 0, 0, 2, -1, 160, 1
110, 0, 0, 3, 1, 161, 1
20, 150, 0, 0, -1000, 145, 1
20, 155, 0, 0, -1000, 146, 1
156, 0, 0, 2, 1, 164, 1
163, 0, 0, 3, 1, 165, 1
20, 160, 0, 0, -1000, 147, 1
167, 10, 2, 0, 1, 167, 1
160, 15, 0, 0, 1, 168, 1
147, 20, 0, 0, 1, 169, 1
130, 25, 0, 0, 1, 170, 1
111, 30, 0, 0, 1, 171, 1
93, 35, 0, 0, -1, 172, 1
77, 40, 0, 0, -2, 173, 1
63, 45, 0, 0, -1000, 174, 1
50, 50, 0, 0, -1000, 175, 1
39, 55, 0, 0, -1000, 176, 1
31, 60, 0, 0, -1000, 177, 1
26, 65, 0, 0, -1000, 178, 1
23, 70, 3, 0, -1000, 179, 1
131, 0, 0, 3, 1, 162, 1
19, 80, 0, 0, -1000, 181, 1
18, 85, 0, 0, -1000, 182, 1
18, 90, 0, 0, -1000, 183, 1
17, 95, 0, 0, -1000, 184, 1
17, 100, 0, 0, -1000, 185, 1
17, 105, 0, 0, -1000, 186, 1
17, 110, 0, 0, -1000, 187, 1
17, 115, 0, 0, -1000, 188, 1
17, 120, 0, 0, -1000, 189, 1
17, 125, 0, 0, -1000, 190, 1
146, 0, 0, 2, 1, 163, 1
166, 5, 0, 0, 1, 166, 1
18, 140, 0, 0, -1000, 193, 1
18, 145, 0, 0, -1000, 194, 1
21, 75, 0, 0, -1000, 180, 1
17, 130, 3, 0, -1000, 191, 1
18, 135, 0, 0, -1000, 192, 1
19, 150, 0, 0, -1000, 195, 1
19, 155, 0, 0, -1000, 196, 1
19, 160, 0, 0, -1000, 197, 1
19, 165, 0, 0, -1000, 198, 1
21, 185, 0, 0, -1000, 202, 1
21, 180, 0, 0, -1000, 201, 1
20, 170, 0, 0, -1000, 199, 1
20, 175, 0, 0, -1000, 200, 1
22, 195, 0, 0, -1000, 204, 1
21, 190, 3, 0, -1000, 203, 1
22, 200, 0, 0, -1000, 205, 1
24, 220, 0, 0, -1000, 209, 1
25, 225, 0, 0, -1000, 210, 1
25, 230, 0, 0, -1000, 211, 1
26, 235, 0, 0, -1000, 212, 1
26, 240, 0, 0, -1000, 213, 1
30, 245, 0, 0, -1000, 214, 1
37, 0, 2, 3, -1000, 215, 1
45, 0, 0, 2, -1000, 216, 1
55, 0, 0, 2, -1000, 217, 1
66, 0, 0, 3, -1000, 218, 1
79, 0, 0, 2, -2, 219, 1
93, 0, 0, 2, -1, 220, 1
107, 0, 0, 3, 1, 221, 1
125, 0, 0, 1, 1, 222, 1
139, 0, 0, 4, 1, 223, 1
150, 0, 0, 2, 1, 224, 1
158, 0, 0, 3, 1, 225, 1
163, 0, 0, 2, 1, 226, 1
166, 5, 3, 0, 1, 227, 1
167, 10, 0, 0, 1, 228, 1
165, 15, 0, 0, 1, 229, 1
163, 20, 0, 0, 1, 230, 1
152, 25, 0, 0, 1, 231, 1
138, 30, 0, 0, 1, 232, 1
123, 35, 0, 0, 1, 233, 1
108, 40, 0, 0, 1, 234, 1
93, 45, 0, 0, -1, 235, 1
78, 50, 0, 0, -2, 236, 1
64, 55, 0, 0, -1000, 237, 1
51, 60, 0, 0, -1000, 238, 1
39, 65, 2, 0, -1000, 239, 1
31, 70, 0, 0, -1000, 240, 1
26, 75, 0, 0, -1000, 241, 1
23, 80, 0, 0, -1000, 242, 1
21, 85, 0, 0, -1000, 243, 1
19, 90, 0, 0, -1000, 244, 1
18, 95, 0, 0, -1000, 245, 1
18, 100, 0, 0, -1000, 246, 1
18, 105, 0, 0, -1000, 247, 1
17, 110, 0, 0, -1000, 248, 1
17, 115, 0, 0, -1000, 249, 1
17, 120, 0, 0, -1000, 250, 1
17, 125, 2, 0, -1000, 251, 1
18, 130, 0, 0, -1000, 252, 1
18, 135, 0, 0, -1000, 253, 1
18, 140, 0, 0, -1000, 254, 1
18, 145, 0, 0, -1000, 255, 1
19, 150, 0, 0, -1000, 256, 1
23, 205, 0, 0, -1000, 206, 1
19, 160, 0, 0, -1000, 258, 1
20, 165, 0, 0, -1000, 259, 1
20, 170, 0, 0, -1000, 260, 1
21, 175, 0, 0, -1000, 261, 1
21, 180, 0, 0, -1000, 262, 1
21, 185, 2, 0, -1000, 263, 1
22, 190, 0, 0, -1000, 264, 1
22, 195, 0, 0, -1000, 265, 1
23, 200, 0, 0, -1000, 266, 1
24, 205, 0, 0, -1000, 267, 1
24, 210, 0, 0, -1000, 268, 1
25, 215, 0, 0, -1000, 269, 1
23, 210, 0, 0, -1000, 207, 1
26, 225, 0, 0, -1000, 271, 1
24, 215, 0, 0, -1000, 208, 1
19, 155, 0, 0, -1000, 257, 1
25, 220, 0, 0, -1000, 270, 1
27, 230, 0, 0, -1000, 272, 1
29, 250, 0, 0, -1000, 276, 1
30, 255, 0, 0, -1000, 277, 1
27, 235, 0, 0, -1000, 273, 1
28, 240, 0, 0, -1000, 274, 1
29, 245, 2, 0, -1000, 275, 1
31, 260, 0, 0, -1000, 278, 1
32, 265, 0, 0, -1000, 279, 1
32, 270, 0, 0, -1000, 280, 1
33, 275, 0, 0, -1000, 281, 1
34, 280, 0, 0, -1000, 282, 1
35, 285, 0, 0, -1000, 283, 1
36, 290, 0, 0, -1000, 284, 1
36, 295, 0, 0, -1000, 285, 1
37, 300, 0, 0, -1000, 286, 1
38, 305, 3, 0, -1000, 287, 1
0, 720, 0, 0, -1000, 0, 2
100, 15, 0, 0, 1, 4, 2
99, 20, 0, 0, -1, 5, 2
99, 25, 0, 0, -1, 6, 2
99, 30, 0, 0, -1, 7, 2
99, 35, 0, 0, -1, 8, 2
99, 40, 0, 0, -1, 9, 2
98, 45, 0, 0, -1, 10, 2
98, 50, 2, 0, -1, 11, 2
97, 55, 0, 0, -1, 12, 2
97, 60, 0, 0, -1, 13, 2
96, 65, 0, 0, -1, 14, 2
96, 70, 0, 0, -1, 15, 2
95, 75, 0, 0, -1, 16, 2
95, 80, 0, 0, -1, 17, 2
94, 85, 0, 0, -1, 18, 2
94, 90, 0, 0, -1, 19, 2
93, 95, 0, 0, -1, 20, 2
92, 100, 0, 0, -1, 21, 2
91, 105, 0, 0, -1, 22, 2
91, 110, 3, 0, -1, 23, 2
90, 115, 0, 0, -1, 24, 2
90, 120, 0, 0, -1, 25, 2
89, 125, 0, 0, -2, 26, 2
89, 130, 0, 0, -2, 27, 2
88, 135, 0, 0, -2, 28, 2
87, 140, 0, 0, -2, 29, 2
87, 145, 0, 0, -2, 30, 2
100, 0, 0, 2, 1, 1, 2
100, 5, 0, 0, 1, 2, 2
85, 160, 0, 0, -2, 33, 2
84, 165, 0, 0, -2, 34, 2
83, 170, 2, 0, -2, 35, 2
100, 10, 0, 0, 1, 3, 2
86, 155, 0, 0, -2, 32, 2
82, 185, 0, 0, -2, 38, 2
81, 190, 0, 0, -2, 39, 2
80, 195, 0, 0, -2, 40, 2
86, 150, 0, 0, -2, 31, 2
79, 205, 0, 0, -2, 42, 2
79, 210, 0, 0, -2, 43, 2
83, 175, 0, 0, -2, 36, 2
78, 220, 0, 0, -2, 45, 2
77, 225, 0, 0, -2, 46, 2
82, 180, 0, 0, -2, 37, 2
77, 235, 0, 0, -3, 48, 2
76, 240, 0, 0, -3, 49, 2
76, 245, 0, 0, -3, 50, 2
76, 250, 0, 0, -3, 51, 2
76, 255, 0, 0, -3, 52, 2
75, 260, 0, 0, -3, 53, 2
75, 265, 0, 0, -3, 54, 2
75, 270, 0, 0, -3, 55, 2
74, 275, 0, 0, -3, 56, 2
74, 280, 0, 0, -3, 57, 2
73, 285, 0, 0, -3, 58, 2
80, 200, 0, 0, -2, 41, 2
72, 295, 0, 0, -4, 60, 2
71, 300, 0, 0, -4, 61, 2
71, 305, 0, 0, -4, 62, 2
70, 310, 0, 0, -5, 63, 2
70, 315, 0, 0, -6, 64, 2
69, 320, 0, 0, -1000, 65, 2
69, 325, 0, 0, -1000, 66, 2
68, 330, 0, 0, -1000, 67, 2
67, 335, 0, 0, -1000, 68, 2
67, 340, 0, 0, -1000, 69, 2
66, 345, 0, 0, -1000, 70, 2
66, 350, 2, 0, -1000, 71, 2
78, 215, 0, 0, -2, 44, 2
65, 360, 0, 0, -1000, 73, 2
64, 365, 0, 0, -1000, 74, 2
64, 370, 0, 0, -1000, 75, 2
64, 375, 0, 0, -1000, 76, 2
63, 380, 0, 0, -1000, 77, 2
63, 385, 0, 0, -1000, 78, 2
63, 390, 0, 0, -1000, 79, 2
77, 230, 4, 0, -2, 47, 2
72, 290, 3, 0, -3, 59, 2
65, 355, 0, 0, -1000, 72, 2
62, 410, 3, 0, -1000, 83, 2
63, 395, 0, 0, -1000, 80, 2
62, 420, 0, 0, -1000, 85, 2
63, 400, 0, 0, -1000, 81, 2
62, 425, 0, 0, -1000, 86, 2
62, 405, 0, 0, -1000, 82, 2
63, 440, 0, 0, -1000, 89, 2
63, 445, 0, 0, -1000, 90, 2
62, 415, 0, 0, -1000, 84, 2
63, 455, 0, 0, -1000, 92, 2
63, 460, 0, 0, -1000, 93, 2
63, 465, 0, 0, -1000, 94, 2
63, 470, 3, 0, -1000, 95, 2
63, 475, 0, 0, -1000, 96, 2
63, 480, 0, 0, -1000, 97, 2
63, 485, 0, 0, -1000, 98, 2
63, 490, 0, 0, -1000, 99, 2
64, 495, 0, 0, -1000, 100, 2
64, 500, 0, 0, -1000, 101, 2
64, 505, 0, 0, -1000, 102, 2
67, 510, 0, 0, -1000, 103, 2
74, 0, 0, 2, -3, 104, 2
89, 0, 0, 2, -2, 105, 2
111, 0, 0, 3, 1, 106, 2
141, 0, 4, 3, 1, 107, 2
176, 0, 0, 3, 1, 108, 2
217, 0, 0, 3, 0, 109, 2
262, 0, 0, 2, 0, 110, 2
310, 0, 0, 3, 0, 111, 2
353, 0, 0, 3, 0, 112, 2
390, 0, 0, 3, 0, 113, 2
408, 0, 0, 1, 0, 114, 2
410, 5, 0, 0, 0, 115, 2
396, 10, 0, 0, 0, 116, 2
369, 15, 0, 0, 0, 117, 2
331, 20, 0, 0, 0, 118, 2
286, 25, 2, 0, 0, 119, 2
237, 30, 0, 0, 0, 120, 2
189, 35, 0, 0, 0, 121, 2
145, 40, 0, 0, 1, 122, 2
111, 45, 0, 0, 1, 123, 2
84, 50, 0, 0, -2, 124, 2
65, 55, 0, 0, -1000, 125, 2
50, 60, 0, 0, -1000, 126, 2
40, 65, 0, 0, -1000, 127, 2
33, 70, 0, 0, -1000, 128, 2
28, 75, 0, 0, -1000, 129, 2
25, 80, 0, 0, -1000, 130, 2
22, 85, 2, 0, -1000, 131, 2
21, 90, 0, 0, -1000, 132, 2
20, 95, 0, 0, -1000, 133, 2
19, 100, 0, 0, -1000, 134, 2
19, 105, 0, 0, -1000, 135, 2
19, 110, 0, 0, -1000, 136, 2
18, 115, 0, 0, -1000, 137, 2
18, 120, 0, 0, -1000, 138, 2
18, 125, 0, 0, -1000, 139, 2
19, 130, 0, 0, -1000, 140, 2
19, 135, 0, 0, -1000, 141, 2
19, 140, 0, 0, -1000, 142, 2
19, 150, 0, 0, -1000, 144, 2
19, 145, 2, 0, -1000, 143, 2
20, 155, 0, 0, -1000, 145, 2
20, 160, 0, 0, -1000, 146, 2
21, 165, 0, 0, -1000, 147, 2
63, 430, 0, 0, -1000, 87, 2
63, 435, 0, 0, -1000, 88, 2
22, 180, 0, 0, -1000, 150, 2
22, 185, 0, 0, -1000, 151, 2
23, 190, 0, 0, -1000, 152, 2
23, 195, 0, 0, -1000, 153, 2
27, 200, 0, 0, -1000, 154, 2
36, 0, 1, 4, -1000, 155, 2
49, 0, 0, 3, -1000, 156, 2
66, 0, 0, 2, -1000, 157, 2
85, 0, 0, 3, -2, 158, 2
109, 0, 0, 2, 1, 159, 2
137, 0, 0, 3, 1, 160, 2
168, 0, 0, 3, 1, 161, 2
201, 0, 0, 3, 0, 162, 2
229, 0, 0, 1, 0, 163, 2
246, 0, 0, 3, 0, 164, 2
255, 0, 0, 2, 0, 165, 2
257, 5, 0, 0, 0, 166, 2
253, 10, 1, 0, 0, 167, 2
238, 15, 0, 0, 0, 168, 2
215, 20, 0, 0, 0, 169, 2
187, 25, 0, 0, 0, 170, 2
156, 30, 0, 0, 1, 171, 2
126, 35, 0, 0, 1, 172, 2
102, 40, 0, 0, 1, 173, 2
81, 45, 0, 0, -2, 174, 2
63, 50, 0, 0, -1000, 175, 2
48, 55, 0, 0, -1000, 176, 2
38, 60, 0, 0, -1000, 177, 2
31, 65, 0, 0, -1000, 178, 2
26, 70, 2, 0, -1000, 179, 2
23, 75, 0, 0, -1000, 180, 2
21, 80, 0, 0, -1000, 181, 2
20, 85, 0, 0, -1000, 182, 2
19, 90, 0, 0, -1000, 183, 2
19, 95, 0, 0, -1000, 184, 2
18, 100, 0, 0, -1000, 185, 2
18, 105, 0, 0, -1000, 186, 2
18, 115, 0, 0, -1000, 188, 2
18, 110, 0, 0, -1000, 187, 2
18, 120, 0, 0, -1000, 189, 2
19, 125, 0, 0, -1000, 190, 2
19, 130, 1, 0, -1000, 191, 2
19, 135, 0, 0, -1000, 192, 2
19, 140, 0, 0, -1000, 193, 2
20, 145, 0, 0, -1000, 194, 2
20, 150, 0, 0, -1000, 195, 2
20, 155, 0, 0, -1000, 196, 2
21, 160, 0, 0, -1000, 197, 2
21, 165, 0, 0, -1000, 198, 2
22, 170, 0, 0, -1000, 199, 2
22, 175, 0, 0, -1000, 200, 2
23, 180, 0, 0, -1000, 201, 2
23, 185, 0, 0, -1000, 202, 2
63, 450, 0, 0, -1000, 91, 2
21, 170, 0, 0, -1000, 148, 2
25, 200, 0, 0, -1000, 205, 2
26, 205, 0, 0, -1000, 206, 2
26, 210, 0, 0, -1000, 207, 2
27, 215, 0, 0, -1000, 208, 2
28, 220, 0, 0, -1000, 209, 2
21, 175, 0, 0, -1000, 149, 2
24, 190, 3, 0, -1000, 203, 2
24, 195, 0, 0, -1000, 204, 2
30, 240, 0, 0, -1000, 213, 2
34, 245, 0, 0, -1000, 214, 2
41, 0, 3, 2, -1000, 215, 2
50, 0, 0, 3, -1000, 216, 2
61, 0, 0, 2, -1000, 217, 2
73, 0, 0, 3, -3, 218, 2
87, 0, 0, 3, -2, 219, 2
101, 0, 0, 2, 1, 220, 2
117, 0, 0, 3, 1, 221, 2
136, 0, 0, 3, 1, 222, 2
152, 0, 0, 2, 1, 223, 2
164, 0, 0, 3, 1, 224, 2
173, 0, 0, 3, 1, 225, 2
178, 0, 0, 2, 1, 226, 2
181, 5, 3, 0, 0, 227, 2
181, 10, 0, 0, 0, 228, 2
179, 15, 0, 0, 1, 229, 2
174, 20, 0, 0, 1, 230, 2
162, 25, 0, 0, 1, 231, 2
146, 30, 0, 0, 1, 232, 2
133, 35, 0, 0, 1, 233, 2
122, 40, 0, 0, 1, 234, 2
113, 45, 0, 0, 1, 235, 2
106, 50, 0, 0, 1, 236, 2
100, 55, 0, 0, 1, 237, 2
95, 60, 0, 0, -1, 238, 2
92, 65, 2, 0, -1, 239, 2
92, 70, 0, 0, -1, 240, 2
96, 75, 0, 0, -1, 241, 2
94, 80, 0, 0, -1, 242, 2
89, 85, 0, 0, -2, 243, 2
82, 90, 0, 0, -2, 244, 2
74, 95, 0, 0, -3, 245, 2
66, 100, 0, 0, -1000, 246, 2
57, 105, 0, 0, -1000, 247, 2
49, 110, 0, 0, -1000, 248, 2
40, 115, 0, 0, -1000, 249, 2
31, 120, 0, 0, -1000, 250, 2
26, 125, 2, 0, -1000, 251, 2
22, 130, 0, 0, -1000, 252, 2
21, 135, 0, 0, -1000, 253, 2
20, 140, 0, 0, -1000, 254, 2
19, 145, 0, 0, -1000, 255, 2
19, 150, 0, 0, -1000, 256, 2
28, 225, 0, 0, -1000, 210, 2
29, 230, 0, 0, -1000, 211, 2
19, 165, 0, 0, -1000, 259, 2
19, 170, 0, 0, -1000, 260, 2
20, 175, 0, 0, -1000, 261, 2
20, 180, 0, 0, -1000, 262, 2
21, 185, 4, 0, -1000, 263, 2
21, 190, 0, 0, -1000, 264, 2
22, 195, 0, 0, -1000, 265, 2
22, 200, 0, 0, -1000, 266, 2
23, 205, 0, 0, -1000, 267, 2
23, 210, 0, 0, -1000, 268, 2
24, 215, 0, 0, -1000, 269, 2
24, 220, 0, 0, -1000, 270, 2
25, 225, 0, 0, -1000, 271, 2
25, 230, 0, 0, -1000, 272, 2
26, 235, 0, 0, -1000, 273, 2
26, 240, 0, 0, -1000, 274, 2
27, 245, 2, 0, -1000, 275, 2
27, 250, 0, 0, -1000, 276, 2
28, 255, 0, 0, -1000, 277, 2
29, 260, 0, 0, -1000, 278, 2
29, 265, 0, 0, -1000, 279, 2
30, 270, 0, 0, -1000, 280, 2
30, 275, 0, 0, -1000, 281, 2
31, 280, 0, 0, -1000, 282, 2
32, 285, 0, 0, -1000, 283, 2
32, 290, 0, 0, -1000, 284, 2
33, 295, 0, 0, -1000, 285, 2
33, 300, 0, 0, -1000, 286, 2
34, 305, 3, 0, -1000, 287, 2
30, 235, 0, 0, -1000, 212, 2
19, 155, 0, 0, -1000, 257, 2
19, 160, 0, 0, -1000, 258, 2
0, 720, 0, 0, -1000, 0, 3
100, 15, 0, 0, 1, 4, 3
99, 20, 0, 0, -1, 5, 3
99, 25, 0, 0, -1, 6, 3
100, 0, 0, 2, 1, 1, 3
100, 5, 0, 0, 1, 2, 3
99, 40, 0, 0, -1, 9, 3
98, 45, 0, 0, -1, 10, 3
98, 50, 3, 0, -1, 11, 3
97, 55, 0, 0, -1, 12, 3
97, 60, 0, 0, -1, 13, 3
96, 65, 0, 0, -1, 14, 3
100, 10, 0, 0, 1, 3, 3
95, 75, 0, 0, -1, 16, 3
95, 80, 0, 0, -1, 17, 3
94, 85, 0, 0, -1, 18, 3
93, 90, 0, 0, -1, 19, 3
92, 95, 0, 0, -1, 20, 3
91, 100, 0, 0, -1, 21, 3
99, 30, 0, 0, -1, 7, 3
89, 110, 1, 0, -2, 23, 3
88, 115, 0, 0, -2, 24, 3
87, 120, 0, 0, -2, 25, 3
86, 125, 0, 0, -2, 26, 3
85, 130, 0, 0, -2, 27, 3
85, 135, 0, 0, -2, 28, 3
84, 140, 0, 0, -2, 29, 3
83, 145, 0, 0, -2, 30, 3
82, 150, 0, 0, -2, 31, 3
82, 155, 0, 0, -2, 32, 3
81, 160, 0, 0, -2, 33, 3
81, 165, 0, 0, -2, 34, 3
81, 170, 1, 0, -2, 35, 3
80, 175, 0, 0, -2, 36, 3
80, 180, 0, 0, -2, 37, 3
80, 185, 0, 0, -2, 38, 3
80, 190, 0, 0, -2, 39, 3
80, 195, 0, 0, -2, 40, 3
80, 200, 0, 0, -2, 41, 3
81, 205, 0, 0, -2, 42, 3
81, 210, 0, 0, -2, 43, 3
81, 215, 0, 0, -2, 44, 3
82, 220, 0, 0, -2, 45, 3
82, 225, 0, 0, -2, 46, 3
82, 230, 1, 0, -2, 47, 3
83, 235, 0, 0, -2, 48, 3
83, 240, 0, 0, -2, 49, 3
84, 245, 0, 0, -2, 50, 3
85, 250, 0, 0, -2, 51, 3
85, 255, 0, 0, -2, 52, 3
99, 35, 0, 0, -1, 8, 3
87, 265, 0, 0, -2, 54, 3
96, 70, 0, 0, -1, 15, 3
90, 105, 0, 0, -1, 22, 3
86, 260, 0, 0, -2, 53, 3
88, 270, 0, 0, -2, 55, 3
89, 275, 0, 0, -2, 56, 3
89, 280, 0, 0, -2, 57, 3
91, 290, 2, 0, -1, 59, 3
90, 285, 0, 0, -1, 58, 3
92, 295, 0, 0, -1, 60, 3
95, 310, 0, 0, -1, 63, 3
96, 320, 0, 0, -1, 65, 3
97, 325, 0, 0, -1, 66, 3
98, 330, 0, 0, -1, 67, 3
99, 335, 0, 0, -1, 68, 3
99, 340, 0, 0, -1, 69, 3
100, 345, 0, 0, 1, 70, 3
100, 350, 2, 0, 1, 71, 3
101, 355, 0, 0, 1, 72, 3
101, 360, 0, 0, 1, 73, 3
102, 365, 0, 0, 1, 74, 3
102, 370, 0, 0, 1, 75, 3
103, 375, 0, 0, 1, 76, 3
103, 380, 0, 0, 1, 77, 3
103, 385, 0, 0, 1, 78, 3
103, 390, 0, 0, 1, 79, 3
103, 395, 0, 0, 1, 80, 3
103, 400, 0, 0, 1, 81, 3
103, 405, 0, 0, 1, 82, 3
103, 410, 3, 0, 1, 83, 3
93, 300, 0, 0, -1, 61, 3
94, 305, 0, 0, -1, 62, 3
96, 315, 0, 0, -1, 64, 3
103, 430, 0, 0, 1, 87, 3
102, 435, 0, 0, 1, 88, 3
102, 440, 0, 0, 1, 89, 3
102, 445, 0, 0, 1, 90, 3
101, 450, 0, 0, 1, 91, 3
100, 455, 0, 0, 1, 92, 3
100, 460, 0, 0, 1, 93, 3
99, 465, 0, 0, -1, 94, 3
98, 470, 2, 0, -1, 95, 3
97, 475, 0, 0, -1, 96, 3
96, 480, 0, 0, -1, 97, 3
96, 485, 0, 0, -1, 98, 3
95, 490, 0, 0, -1, 99, 3
94, 495, 0, 0, -1, 100, 3
93, 500, 0, 0, -1, 101, 3
95, 505, 0, 0, -1, 102, 3
102, 0, 0, 2, 1, 103, 3
114, 0, 0, 3, 1, 104, 3
136, 0, 0, 4, 1, 105, 3
168, 0, 0, 3, 1, 106, 3
208, 0, 3, 1, 0, 107, 3
257, 0, 0, 3, 0, 108, 3
311, 0, 0, 3, 0, 109, 3
371, 0, 0, 3, 0, 110, 3
430, 0, 0, 3, 0, 111, 3
479, 0, 0, 1, 0, 112, 3
517, 0, 0, 3, 0, 113, 3
533, 0, 0, 2, 0, 114, 3
527, 5, 0, 0, 0, 115, 3
502, 10, 0, 0, 0, 116, 3
462, 15, 0, 0, 0, 117, 3
408, 20, 0, 0, 0, 118, 3
347, 25, 2, 0, 0, 119, 3
283, 30, 0, 0, 0, 120, 3
223, 35, 0, 0, 0, 121, 3
170, 40, 0, 0, 1, 122, 3
128, 45, 0, 0, 1, 123, 3
96, 50, 0, 0, -1, 124, 3
103, 415, 0, 0, 1, 84, 3
103, 420, 0, 0, 1, 85, 3
103, 425, 0, 0, 1, 86, 3
73, 55, 0, 0, -3, 125, 3
56, 60, 0, 0, -1000, 126, 3
43, 65, 0, 0, -1000, 127, 3
35, 70, 0, 0, -1000, 128, 3
29, 75, 0, 0, -1000, 129, 3
25, 80, 0, 0, -1000, 130, 3
23, 85, 3, 0, -1000, 131, 3
21, 90, 0, 0, -1000, 132, 3
20, 95, 0, 0, -1000, 133, 3
19, 100, 0, 0, -1000, 134, 3
19, 105, 0, 0, -1000, 135, 3
18, 120, 0, 0, -1000, 138, 3
18, 110, 0, 0, -1000, 136, 3
18, 115, 0, 0, -1000, 137, 3
18, 125, 0, 0, -1000, 139, 3
18, 130, 0, 0, -1000, 140, 3
19, 145, 1, 0, -1000, 143, 3
19, 155, 0, 0, -1000, 145, 3
20, 160, 0, 0, -1000, 146, 3
18, 135, 0, 0, -1000, 141, 3
19, 140, 0, 0, -1000, 142, 3
21, 175, 0, 0, -1000, 149, 3
21, 180, 0, 0, -1000, 150, 3
22, 185, 0, 0, -1000, 151, 3
22, 190, 0, 0, -1000, 152, 3
25, 195, 0, 0, -1000, 153, 3
34, 0, 0, 2, -1000, 154, 3
50, 0, 3, 3, -1000, 155, 3
72, 0, 0, 2, -4, 156, 3
97, 0, 0, 2, -1, 157, 3
126, 0, 0, 3, 1, 158, 3
161, 0, 0, 2, 1, 159, 3
200, 0, 0, 2, 0, 160, 3
242, 0, 0, 2, 0, 161, 3
281, 0, 0, 2, 0, 162, 3
19, 150, 0, 0, -1000, 144, 3
323, 0, 0, 3, 0, 164, 3
326, 5, 0, 0, 0, 165, 3
320, 10, 0, 0, 0, 166, 3
306, 15, 2, 0, 0, 167, 3
281, 20, 0, 0, 0, 168, 3
248, 25, 0, 0, 0, 169, 3
209, 30, 0, 0, 0, 170, 3
170, 35, 0, 0, 1, 171, 3
135, 40, 0, 0, 1, 172, 3
107, 45, 0, 0, 1, 173, 3
84, 50, 0, 0, -2, 174, 3
65, 55, 0, 0, -1000, 175, 3
49, 60, 0, 0, -1000, 176, 3
38, 65, 0, 0, -1000, 177, 3
31, 70, 0, 0, -1000, 178, 3
27, 75, 3, 0, -1000, 179, 3
23, 80, 0, 0, -1000, 180, 3
21, 85, 0, 0, -1000, 181, 3
20, 165, 0, 0, -1000, 147, 3
20, 170, 0, 0, -1000, 148, 3
309, 0, 0, 3, 0, 163, 3
20, 90, 0, 0, -1000, 182, 3
19, 95, 0, 0, -1000, 183, 3
19, 100, 0, 0, -1000, 184, 3
18, 120, 0, 0, -1000, 188, 3
18, 125, 0, 0, -1000, 189, 3
19, 130, 0, 0, -1000, 190, 3
19, 135, 2, 0, -1000, 191, 3
19, 140, 0, 0, -1000, 192, 3
19, 145, 0, 0, -1000, 193, 3
19, 105, 0, 0, -1000, 185, 3
18, 110, 0, 0, -1000, 186, 3
18, 115, 0, 0, -1000, 187, 3
19, 150, 0, 0, -1000, 194, 3
21, 170, 0, 0, -1000, 198, 3
21, 175, 0, 0, -1000, 199, 3
22, 180, 0, 0, -1000, 200, 3
22, 185, 0, 0, -1000, 201, 3
23, 190, 0, 0, -1000, 202, 3
23, 195, 2, 0, -1000, 203, 3
24, 200, 0, 0, -1000, 204, 3
24, 205, 0, 0, -1000, 205, 3
25, 210, 0, 0, -1000, 206, 3
25, 215, 0, 0, -1000, 207, 3
26, 220, 0, 0, -1000, 208, 3
26, 225, 0, 0, -1000, 209, 3
27, 230, 0, 0, -1000, 210, 3
28, 235, 0, 0, -1000, 211, 3
28, 240, 0, 0, -1000, 212, 3
29, 245, 0, 0, -1000, 213, 3
33, 250, 0, 0, -1000, 214, 3
40, 0, 2, 2, -1000, 215, 3
48, 0, 0, 3, -1000, 216, 3
62, 0, 0, 2, -1000, 217, 3
101, 0, 0, 2, 1, 219, 3
80, 0, 0, 2, -2, 218, 3
125, 0, 0, 2, 1, 220, 3
151, 0, 0, 3, 1, 221, 3
182, 0, 0, 3, 0, 222, 3
211, 0, 0, 2, 0, 223, 3
237, 0, 0, 2, 0, 224, 3
260, 0, 0, 3, 0, 225, 3
275, 0, 0, 2, 0, 226, 3
281, 0, 2, 3, 0, 227, 3
281, 5, 0, 0, 0, 228, 3
274, 10, 0, 0, 0, 229, 3
263, 15, 0, 0, 0, 230, 3
241, 20, 0, 0, 0, 231, 3
214, 25, 0, 0, 0, 232, 3
188, 30, 0, 0, 0, 233, 3
164, 35, 0, 0, 1, 234, 3
145, 40, 0, 0, 1, 235, 3
130, 45, 0, 0, 1, 236, 3
119, 50, 0, 0, 1, 237, 3
110, 55, 0, 0, 1, 238, 3
104, 60, 2, 0, 1, 239, 3
102, 65, 0, 0, 1, 240, 3
20, 155, 0, 0, -1000, 195, 3
20, 160, 0, 0, -1000, 196, 3
96, 80, 0, 0, -1, 243, 3
20, 165, 0, 0, -1000, 197, 3
104, 70, 0, 0, 1, 241, 3
71, 95, 0, 0, -4, 246, 3
62, 100, 0, 0, -1000, 247, 3
52, 105, 0, 0, -1000, 248, 3
43, 110, 0, 0, -1000, 249, 3
34, 115, 0, 0, -1000, 250, 3
28, 120, 1, 0, -1000, 251, 3
24, 125, 0, 0, -1000, 252, 3
22, 130, 0, 0, -1000, 253, 3
88, 85, 0, 0, -2, 244, 3
102, 75, 0, 0, 1, 242, 3
21, 135, 0, 0, -1000, 254, 3
20, 150, 0, 0, -1000, 257, 3
20, 155, 0, 0, -1000, 258, 3
20, 160, 0, 0, -1000, 259, 3
20, 165, 0, 0, -1000, 260, 3
21, 170, 0, 0, -1000, 261, 3
21, 175, 0, 0, -1000, 262, 3
22, 180, 3, 0, -1000, 263, 3
22, 185, 0, 0, -1000, 264, 3
23, 190, 0, 0, -1000, 265, 3
23, 195, 0, 0, -1000, 266, 3
24, 200, 0, 0, -1000, 267, 3
80, 90, 0, 0, -2, 245, 3
25, 210, 0, 0, -1000, 269, 3
26, 215, 0, 0, -1000, 270, 3
26, 220, 0, 0, -1000, 271, 3
27, 225, 0, 0, -1000, 272, 3
28, 230, 0, 0, -1000, 273, 3
28, 235, 0, 0, -1000, 274, 3
29, 240, 4, 0, -1000, 275, 3
30, 245, 0, 0, -1000, 276, 3
30, 250, 0, 0, -1000, 277, 3
31, 255, 0, 0, -1000, 278, 3
32, 260, 0, 0, -1000, 279, 3
32, 265, 0, 0, -1000, 280, 3
33, 270, 0, 0, -1000, 281, 3
34, 275, 0, 0, -1000, 282, 3
34, 280, 0, 0, -1000, 283, 3
35, 285, 0, 0, -1000, 284, 3
35, 290, 0, 0, -1000, 285, 3
20, 140, 0, 0, -1000, 255, 3
36, 300, 2, 0, -1000, 287, 3
20, 145, 0, 0, -1000, 256, 3
24, 205, 0, 0, -1000, 268, 3
36, 295, 0, 0, -1000, 286, 3
0, 720, 0, 0, -1000, 0, 4
100, 15, 0, 0, 1, 4, 4
99, 20, 0, 0, -1, 5, 4
100, 0, 0, 2, 1, 1, 4
100, 5, 0, 0, 1, 2, 4
99, 35, 0, 0, -1, 8, 4
99, 40, 0, 0, -1, 9, 4
98, 45, 0, 0, -1, 10, 4
100, 10, 0, 0, 1, 3, 4
97, 55, 0, 0, -1, 12, 4
97, 60, 0, 0, -1, 13, 4
96, 65, 0, 0, -1, 14, 4
96, 70, 0, 0, -1, 15, 4
95, 75, 0, 0, -1, 16, 4
95, 80, 0, 0, -1, 17, 4
94, 85, 0, 0, -1, 18, 4
93, 90, 0, 0, -1, 19, 4
92, 95, 0, 0, -1, 20, 4
91, 100, 0, 0, -1, 21, 4
90, 105, 0, 0, -1, 22, 4
89, 110, 3, 0, -2, 23, 4
88, 115, 0, 0, -2, 24, 4
87, 120, 0, 0, -2, 25, 4
86, 125, 0, 0, -2, 26, 4
85, 130, 0, 0, -2, 27, 4
84, 135, 0, 0, -2, 28, 4
83, 140, 0, 0, -2, 29, 4
82, 145, 0, 0, -2, 30, 4
81, 150, 0, 0, -2, 31, 4
80, 155, 0, 0, -2, 32, 4
80, 160, 0, 0, -2, 33, 4
79, 165, 0, 0, -2, 34, 4
78, 170, 2, 0, -2, 35, 4
77, 175, 0, 0, -3, 36, 4
76, 180, 0, 0, -3, 37, 4
75, 185, 0, 0, -3, 38, 4
75, 190, 0, 0, -3, 39, 4
74, 195, 0, 0, -3, 40, 4
73, 200, 0, 0, -3, 41, 4
73, 205, 0, 0, -3, 42, 4
72, 210, 0, 0, -4, 43, 4
72, 215, 0, 0, -4, 44, 4
71, 220, 0, 0, -4, 45, 4
71, 225, 0, 0, -4, 46, 4
99, 30, 0, 0, -1, 7, 4
99, 25, 0, 0, -1, 6, 4
70, 240, 0, 0, -5, 49, 4
70, 245, 0, 0, -6, 50, 4
70, 250, 0, 0, -6, 51, 4
70, 255, 0, 0, -6, 52, 4
70, 260, 0, 0, -6, 53, 4
70, 265, 0, 0, -5, 54, 4
70, 270, 0, 0, -5, 55, 4
70, 275, 0, 0, -5, 56, 4
70, 280, 0, 0, -5, 57, 4
71, 285, 0, 0, -4, 58, 4
71, 290, 2, 0, -4, 59, 4
98, 50, 3, 0, -1, 11, 4
70, 230, 1, 0, -5, 47, 4
70, 235, 0, 0, -5, 48, 4
71, 295, 0, 0, -4, 60, 4
72, 300, 0, 0, -4, 61, 4
73, 305, 0, 0, -3, 62, 4
73, 310, 0, 0, -3, 63, 4
74, 315, 0, 0, -3, 64, 4
74, 320, 0, 0, -3, 65, 4
75, 325, 0, 0, -3, 66, 4
75, 330, 0, 0, -3, 67, 4
76, 335, 0, 0, -3, 68, 4
76, 340, 0, 0, -3, 69, 4
77, 345, 0, 0, -2, 70, 4
79, 365, 0, 0, -2, 74, 4
80, 370, 0, 0, -2, 75, 4
80, 375, 0, 0, -2, 76, 4
81, 380, 0, 0, -2, 77, 4
77, 350, 2, 0, -2, 71, 4
81, 390, 0, 0, -2, 79, 4
82, 395, 0, 0, -2, 80, 4
82, 400, 0, 0, -2, 81, 4
83, 405, 0, 0, -2, 82, 4
83, 410, 3, 0, -2, 83, 4
83, 415, 0, 0, -2, 84, 4
83, 420, 0, 0, -2, 85, 4
84, 425, 0, 0, -2, 86, 4
84, 430, 0, 0, -2, 87, 4
84, 435, 0, 0, -2, 88, 4
84, 440, 0, 0, -2, 89, 4
84, 445, 0, 0, -2, 90, 4
84, 450, 0, 0, -2, 91, 4
78, 355, 0, 0, -2, 72, 4
79, 360, 0, 0, -2, 73, 4
84, 460, 0, 0, -2, 93, 4
84, 455, 0, 0, -2, 92, 4
81, 385, 0, 0, -2, 78, 4
84, 465, 0, 0, -2, 94, 4
84, 470, 2, 0, -2, 95, 4
83, 475, 0, 0, -2, 96, 4
83, 480, 0, 0, -2, 97, 4
83, 485, 0, 0, -2, 98, 4
83, 490, 0, 0, -2, 99, 4
102, 0, 0, 2, 1, 103, 4
124, 0, 0, 1, 1, 104, 4
82, 495, 0, 0, -2, 100, 4
82, 500, 0, 0, -2, 101, 4
87, 0, 0, 2, -2, 102, 4
158, 0, 0, 2, 1, 105, 4
205, 0, 0, 2, 0, 106, 4
262, 0, 3, 2, 0, 107, 4
329, 0, 0, 2, 0, 108, 4
404, 0, 0, 3, 0, 109, 4
485, 0, 0, 3, 0, 110, 4
559, 0, 0, 2, 0, 111, 4
617, 0, 0, 2, 0, 112, 4
661, 0, 0, 3, 0, 113, 4
677, 0, 0, 1, 0, 114, 4
517, 20, 0, 0, 0, 118, 4
667, 5, 0, 0, 0, 115, 4
635, 10, 0, 0, 0, 116, 4
584, 15, 0, 0, 0, 117, 4
439, 25, 3, 0, 0, 119, 4
361, 30, 0, 0, 0, 120, 4
289, 35, 0, 0, 0, 121, 4
224, 40, 0, 0, 0, 122, 4
172, 45, 0, 0, 1, 123, 4
132, 50, 0, 0, 1, 124, 4
100, 55, 0, 0, 1, 125, 4
77, 60, 0, 0, -2, 126, 4
60, 65, 0, 0, -1000, 127, 4
48, 70, 0, 0, -1000, 128, 4
25, 90, 0, 0, -1000, 132, 4
39, 75, 0, 0, -1000, 129, 4
33, 80, 0, 0, -1000, 130, 4
28, 85, 2, 0, -1000, 131, 4
23, 95, 0, 0, -1000, 133, 4
20, 115, 0, 0, -1000, 137, 4
20, 120, 0, 0, -1000, 138, 4
22, 100, 0, 0, -1000, 134, 4
21, 105, 0, 0, -1000, 135, 4
21, 110, 0, 0, -1000, 136, 4
20, 140, 0, 0, -1000, 142, 4
20, 145, 1, 0, -1000, 143, 4
20, 125, 0, 0, -1000, 139, 4
20, 130, 0, 0, -1000, 140, 4
20, 135, 0, 0, -1000, 141, 4
22, 165, 0, 0, -1000, 147, 4
22, 170, 0, 0, -1000, 148, 4
21, 150, 0, 0, -1000, 144, 4
21, 155, 0, 0, -1000, 145, 4
21, 160, 0, 0, -1000, 146, 4
22, 175, 0, 0, -1000, 149, 4
23, 180, 0, 0, -1000, 150, 4
23, 185, 0, 0, -1000, 151, 4
24, 190, 0, 0, -1000, 152, 4
27, 195, 0, 0, -1000, 153, 4
37, 0, 0, 2, -1000, 154, 4
53, 0, 3, 2, -1000, 155, 4
75, 0, 0, 3, -3, 156, 4
101, 0, 0, 4, 1, 157, 4
256, 0, 0, 3, 0, 161, 4
301, 0, 0, 3, 0, 162, 4
131, 0, 0, 3, 1, 158, 4
168, 0, 0, 3, 1, 159, 4
209, 0, 0, 4, 0, 160, 4
338, 0, 0, 2, 0, 163, 4
361, 0, 0, 2, 0, 164, 4
371, 0, 0, 3, 0, 165, 4
372, 5, 0, 0, 0, 166, 4
364, 10, 2, 0, 0, 167, 4
344, 15, 0, 0, 0, 168, 4
314, 20, 0, 0, 0, 169, 4
274, 25, 0, 0, 0, 170, 4
229, 30, 0, 0, 0, 171, 4
187, 35, 0, 0, 0, 172, 4
150, 40, 0, 0, 1, 173, 4
118, 45, 0, 0, 1, 174, 4
36, 65, 0, 0, -1000, 178, 4
28, 70, 2, 0, -1000, 179, 4
91, 50, 0, 0, -1, 175, 4
68, 55, 0, 0, -1000, 176, 4
18, 85, 0, 0, -1000, 182, 4
17, 90, 0, 0, -1000, 183, 4
16, 95, 0, 0, -1000, 184, 4
50, 60, 0, 0, -1000, 177, 4
16, 105, 0, 0, -1000, 186, 4
15, 110, 0, 0, -1000, 187, 4
23, 75, 0, 0, -1000, 180, 4
20, 80, 0, 0, -1000, 181, 4
16, 100, 0, 0, -1000, 185, 4
16, 115, 0, 0, -1000, 188, 4
16, 120, 0, 0, -1000, 189, 4
16, 125, 0, 0, -1000, 190, 4
16, 130, 3, 0, -1000, 191, 4
17, 150, 0, 0, -1000, 195, 4
16, 135, 0, 0, -1000, 192, 4
16, 140, 0, 0, -1000, 193, 4
18, 165, 0, 0, -1000, 198, 4
18, 170, 0, 0, -1000, 199, 4
17, 145, 0, 0, -1000, 194, 4
17, 155, 0, 0, -1000, 196, 4
19, 185, 0, 0, -1000, 202, 4
18, 160, 0, 0, -1000, 197, 4
20, 195, 0, 0, -1000, 204, 4
21, 200, 0, 0, -1000, 205, 4
19, 175, 0, 0, -1000, 200, 4
19, 180, 0, 0, -1000, 201, 4
22, 210, 0, 0, -1000, 207, 4
20, 190, 2, 0, -1000, 203, 4
21, 205, 0, 0, -1000, 206, 4
22, 215, 0, 0, -1000, 208, 4
23, 220, 0, 0, -1000, 209, 4
23, 225, 0, 0, -1000, 210, 4
24, 230, 0, 0, -1000, 211, 4
25, 235, 0, 0, -1000, 212, 4
25, 240, 0, 0, -1000, 213, 4
29, 245, 0, 0, -1000, 214, 4
36, 0, 3, 2, -1000, 215, 4
44, 0, 0, 1, -1000, 216, 4
57, 0, 0, 3, -1000, 217, 4
74, 0, 0, 3, -3, 218, 4
94, 0, 0, 2, -1, 219, 4
117, 0, 0, 1, 1, 220, 4
141, 0, 0, 2, 1, 221, 4
171, 0, 0, 3, 1, 222, 4
278, 0, 0, 1, 0, 226, 4
200, 0, 0, 2, 0, 223, 4
300, 0, 0, 2, 0, 228, 4
229, 0, 0, 3, 0, 224, 4
257, 0, 0, 3, 0, 225, 4
292, 0, 2, 2, 0, 227, 4
304, 5, 0, 0, 0, 229, 4
303, 10, 0, 0, 0, 230, 4
291, 15, 0, 0, 0, 231, 4
270, 20, 0, 0, 0, 232, 4
245, 25, 0, 0, 0, 233, 4
154, 45, 0, 0, 1, 237, 4
137, 50, 0, 0, 1, 238, 4
218, 30, 0, 0, 0, 234, 4
194, 35, 0, 0, 0, 235, 4
173, 40, 0, 0, 1, 236, 4
105, 70, 0, 0, 1, 242, 4
123, 55, 3, 0, 1, 239, 4
88, 80, 0, 0, -2, 244, 4
114, 60, 0, 0, 1, 240, 4
111, 65, 0, 0, 1, 241, 4
97, 75, 0, 0, -1, 243, 4
51, 100, 0, 0, -1000, 248, 4
41, 105, 0, 0, -1000, 249, 4
32, 110, 0, 0, -1000, 250, 4
26, 115, 2, 0, -1000, 251, 4
23, 120, 0, 0, -1000, 252, 4
79, 85, 0, 0, -2, 245, 4
70, 90, 0, 0, -8, 246, 4
60, 95, 0, 0, -1000, 247, 4
21, 125, 0, 0, -1000, 253, 4
19, 145, 0, 0, -1000, 257, 4
19, 150, 0, 0, -1000, 258, 4
20, 130, 0, 0, -1000, 254, 4
19, 135, 0, 0, -1000, 255, 4
19, 140, 0, 0, -1000, 256, 4
19, 155, 0, 0, -1000, 259, 4
19, 160, 0, 0, -1000, 260, 4
20, 165, 0, 0, -1000, 261, 4
20, 170, 0, 0, -1000, 262, 4
20, 175, 3, 0, -1000, 263, 4
22, 195, 0, 0, -1000, 267, 4
21, 180, 0, 0, -1000, 264, 4
21, 185, 0, 0, -1000, 265, 4
22, 190, 0, 0, -1000, 266, 4
23, 200, 0, 0, -1000, 268, 4
23, 205, 0, 0, -1000, 269, 4
24, 210, 0, 0, -1000, 270, 4
24, 215, 0, 0, -1000, 271, 4
25, 220, 0, 0, -1000, 272, 4
26, 225, 0, 0, -1000, 273, 4
28, 245, 0, 0, -1000, 277, 4
29, 250, 0, 0, -1000, 278, 4
26, 230, 0, 0, -1000, 274, 4
27, 235, 2, 0, -1000, 275, 4
27, 240, 0, 0, -1000, 276, 4
29, 255, 0, 0, -1000, 279, 4
30, 260, 0, 0, -1000, 280, 4
31, 265, 0, 0, -1000, 281, 4
31, 270, 0, 0, -1000, 282, 4
32, 275, 0, 0, -1000, 283, 4
33, 280, 0, 0, -1000, 284, 4
33, 285, 0, 0, -1000, 285, 4
34, 290, 0, 0, -1000, 286, 4
35, 295, 2, 0, -1000, 287, 4
0, 720, 0, 0, -1000, 0, 5
100, 15, 0, 0, 1, 4, 5
99, 20, 0, 0, -1, 5, 5
100, 0, 0, 3, 1, 1, 5
99, 25, 0, 0, -1, 6, 5
99, 35, 0, 0, -1, 8, 5
98, 40, 0, 0, -1, 9, 5
97, 45, 0, 0, -1, 10, 5
100, 5, 0, 0, 1, 2, 5
96, 55, 0, 0, -1, 12, 5
95, 60, 0, 0, -1, 13, 5
94, 65, 0, 0, -1, 14, 5
93, 70, 0, 0, -1, 15, 5
100, 10, 0, 0, 1, 3, 5
99, 30, 0, 0, -1, 7, 5
97, 50, 3, 0, -1, 11, 5
89, 90, 0, 0, -2, 19, 5
92, 75, 0, 0, -1, 16, 5
86, 100, 0, 0, -2, 21, 5
85, 105, 0, 0, -2, 22, 5
83, 110, 2, 0, -2, 23, 5
82, 115, 0, 0, -2, 24, 5
81, 120, 0, 0, -2, 25, 5
80, 125, 0, 0, -2, 26, 5
79, 130, 0, 0, -2, 27, 5
78, 135, 0, 0, -2, 28, 5
77, 140, 0, 0, -3, 29, 5
76, 145, 0, 0, -3, 30, 5
75, 150, 0, 0, -3, 31, 5
74, 155, 0, 0, -3, 32, 5
73, 160, 0, 0, -3, 33, 5
73, 165, 0, 0, -3, 34, 5
72, 170, 2, 0, -4, 35, 5
72, 175, 0, 0, -4, 36, 5
71, 180, 0, 0, -4, 37, 5
71, 185, 0, 0, -4, 38, 5
71, 190, 0, 0, -4, 39, 5
70, 195, 0, 0, -5, 40, 5
70, 200, 0, 0, -5, 41, 5
70, 205, 0, 0, -5, 42, 5
70, 210, 0, 0, -5, 43, 5
70, 215, 0, 0, -6, 44, 5
91, 80, 0, 0, -1, 17, 5
70, 225, 0, 0, -6, 46, 5
70, 230, 2, 0, -6, 47, 5
70, 235, 0, 0, -6, 48, 5
70, 240, 0, 0, -6, 49, 5
70, 245, 0, 0, -5, 50, 5
90, 85, 0, 0, -1, 18, 5
87, 95, 0, 0, -2, 20, 5
70, 220, 0, 0, -6, 45, 5
70, 250, 0, 0, -5, 51, 5
71, 270, 0, 0, -4, 55, 5
71, 275, 0, 0, -4, 56, 5
71, 280, 0, 0, -4, 57, 5
72, 285, 0, 0, -4, 58, 5
72, 290, 3, 0, -4, 59, 5
72, 295, 0, 0, -4, 60, 5
70, 255, 0, 0, -5, 52, 5
71, 260, 0, 0, -4, 53, 5
71, 265, 0, 0, -4, 54, 5
72, 300, 0, 0, -3, 61, 5
73, 320, 0, 0, -3, 65, 5
74, 325, 0, 0, -3, 66, 5
74, 330, 0, 0, -3, 67, 5
74, 335, 0, 0, -3, 68, 5
74, 340, 0, 0, -3, 69, 5
74, 345, 0, 0, -3, 70, 5
74, 350, 3, 0, -3, 71, 5
74, 355, 0, 0, -3, 72, 5
74, 360, 0, 0, -3, 73, 5
74, 365, 0, 0, -3, 74, 5
74, 370, 0, 0, -3, 75, 5
74, 375, 0, 0, -3, 76, 5
73, 380, 0, 0, -3, 77, 5
73, 385, 0, 0, -3, 78, 5
73, 390, 0, 0, -3, 79, 5
73, 395, 0, 0, -3, 80, 5
72, 400, 0, 0, -3, 81, 5
72, 405, 0, 0, -4, 82, 5
72, 410, 4, 0, -4, 83, 5
71, 415, 0, 0, -4, 84, 5
71, 420, 0, 0, -4, 85, 5
71, 425, 0, 0, -4, 86, 5
71, 430, 0, 0, -4, 87, 5
70, 435, 0, 0, -5, 88, 5
70, 440, 0, 0, -5, 89, 5
69, 445, 0, 0, -1000, 90, 5
69, 450, 0, 0, -1000, 91, 5
68, 455, 0, 0, -1000, 92, 5
68, 460, 0, 0, -1000, 93, 5
67, 465, 0, 0, -1000, 94, 5
67, 470, 3, 0, -1000, 95, 5
66, 475, 0, 0, -1000, 96, 5
65, 480, 0, 0, -1000, 97, 5
65, 485, 0, 0, -1000, 98, 5
64, 490, 0, 0, -1000, 99, 5
64, 495, 0, 0, -1000, 100, 5
63, 500, 0, 0, -1000, 101, 5
69, 0, 0, 0, -1000, 102, 5
82, 0, 0, 1, -2, 103, 5
104, 0, 0, 3, 1, 104, 5
140, 0, 0, 3, 1, 105, 5
190, 0, 0, 2, 0, 106, 5
252, 0, 3, 2, 0, 107, 5
324, 0, 0, 3, 0, 108, 5
404, 0, 0, 3, 0, 109, 5
492, 0, 0, 3, 0, 110, 5
572, 0, 0, 2, 0, 111, 5
73, 305, 0, 0, -3, 62, 5
73, 310, 0, 0, -3, 63, 5
73, 315, 0, 0, -3, 64, 5
637, 0, 0, 1, 0, 112, 5
687, 0, 0, 2, 0, 113, 5
704, 0, 0, 1, 0, 114, 5
692, 5, 0, 0, 0, 115, 5
655, 10, 0, 0, 0, 116, 5
597, 15, 0, 0, 0, 117, 5
523, 20, 0, 0, 0, 118, 5
439, 25, 3, 0, 0, 119, 5
356, 30, 0, 0, 0, 120, 5
280, 35, 0, 0, 0, 121, 5
211, 40, 0, 0, 0, 122, 5
158, 45, 0, 0, 1, 123, 5
118, 50, 0, 0, 1, 124, 5
89, 55, 0, 0, -2, 125, 5
67, 60, 0, 0, -1000, 126, 5
52, 65, 0, 0, -1000, 127, 5
41, 70, 0, 0, -1000, 128, 5
34, 75, 0, 0, -1000, 129, 5
29, 80, 0, 0, -1000, 130, 5
26, 85, 3, 0, -1000, 131, 5
23, 90, 0, 0, -1000, 132, 5
22, 95, 0, 0, -1000, 133, 5
19, 115, 0, 0, -1000, 137, 5
19, 120, 0, 0, -1000, 138, 5
19, 125, 0, 0, -1000, 139, 5
19, 130, 0, 0, -1000, 140, 5
21, 100, 0, 0, -1000, 134, 5
20, 105, 0, 0, -1000, 135, 5
20, 110, 0, 0, -1000, 136, 5
19, 135, 0, 0, -1000, 141, 5
20, 140, 0, 0, -1000, 142, 5
20, 145, 1, 0, -1000, 143, 5
20, 150, 0, 0, -1000, 144, 5
20, 155, 0, 0, -1000, 145, 5
21, 160, 0, 0, -1000, 146, 5
21, 165, 0, 0, -1000, 147, 5
21, 170, 0, 0, -1000, 148, 5
22, 175, 0, 0, -1000, 149, 5
27, 195, 0, 0, -1000, 153, 5
36, 0, 0, 3, -1000, 154, 5
52, 0, 2, 3, -1000, 155, 5
22, 180, 0, 0, -1000, 150, 5
23, 185, 0, 0, -1000, 151, 5
137, 0, 0, 2, 1, 158, 5
180, 0, 0, 1, 0, 159, 5
228, 0, 0, 3, 0, 160, 5
23, 190, 0, 0, -1000, 152, 5
73, 0, 0, 2, -3, 156, 5
102, 0, 0, 3, 1, 157, 5
284, 0, 0, 2, 0, 161, 5
339, 0, 0, 2, 0, 162, 5
420, 0, 0, 2, 0, 164, 5
386, 0, 0, 2, 0, 163, 5
443, 0, 0, 3, 0, 165, 5
451, 0, 0, 2, 0, 166, 5
447, 5, 2, 0, 0, 167, 5
427, 10, 0, 0, 0, 168, 5
396, 15, 0, 0, 0, 169, 5
351, 20, 0, 0, 0, 170, 5
300, 25, 0, 0, 0, 171, 5
248, 30, 0, 0, 0, 172, 5
201, 35, 0, 0, 0, 173, 5
158, 40, 0, 0, 1, 174, 5
122, 45, 0, 0, 1, 175, 5
91, 50, 0, 0, -1, 176, 5
68, 55, 0, 0, -1000, 177, 5
50, 60, 0, 0, -1000, 178, 5
38, 65, 3, 0, -1000, 179, 5
30, 70, 0, 0, -1000, 180, 5
25, 75, 0, 0, -1000, 181, 5
18, 95, 0, 0, -1000, 185, 5
18, 100, 0, 0, -1000, 186, 5
17, 105, 0, 0, -1000, 187, 5
17, 110, 0, 0, -1000, 188, 5
17, 115, 0, 0, -1000, 189, 5
17, 120, 0, 0, -1000, 190, 5
18, 125, 3, 0, -1000, 191, 5
18, 130, 0, 0, -1000, 192, 5
18, 135, 0, 0, -1000, 193, 5
18, 140, 0, 0, -1000, 194, 5
18, 145, 0, 0, -1000, 195, 5
22, 80, 0, 0, -1000, 182, 5
20, 85, 0, 0, -1000, 183, 5
19, 90, 0, 0, -1000, 184, 5
19, 150, 0, 0, -1000, 196, 5
19, 155, 0, 0, -1000, 197, 5
19, 160, 0, 0, -1000, 198, 5
20, 165, 0, 0, -1000, 199, 5
20, 170, 0, 0, -1000, 200, 5
20, 175, 0, 0, -1000, 201, 5
22, 195, 0, 0, -1000, 205, 5
23, 200, 0, 0, -1000, 206, 5
23, 205, 0, 0, -1000, 207, 5
24, 210, 0, 0, -1000, 208, 5
24, 215, 0, 0, -1000, 209, 5
25, 220, 0, 0, -1000, 210, 5
25, 225, 0, 0, -1000, 211, 5
26, 230, 0, 0, -1000, 212, 5
26, 235, 0, 0, -1000, 213, 5
21, 180, 0, 0, -1000, 202, 5
21, 185, 3, 0, -1000, 203, 5
22, 190, 0, 0, -1000, 204, 5
36, 0, 3, 3, -1000, 215, 5
30, 240, 0, 0, -1000, 214, 5
45, 0, 0, 2, -1000, 216, 5
94, 0, 0, 3, -1, 219, 5
58, 0, 0, 2, -1000, 217, 5
74, 0, 0, 2, -3, 218, 5
117, 0, 0, 2, 1, 220, 5
141, 0, 0, 2, 1, 221, 5
170, 0, 0, 2, 1, 222, 5
198, 0, 0, 2, 0, 223, 5
226, 0, 0, 2, 0, 224, 5
294, 0, 0, 2, 0, 228, 5
253, 0, 0, 3, 0, 225, 5
272, 0, 0, 4, 0, 226, 5
284, 0, 2, 2, 0, 227, 5
302, 0, 0, 2, 0, 229, 5
307, 0, 0, 3, 0, 230, 5
303, 5, 0, 0, 0, 231, 5
290, 10, 0, 0, 0, 232, 5
274, 15, 0, 0, 0, 233, 5
207, 35, 0, 0, 0, 237, 5
255, 20, 0, 0, 0, 234, 5
239, 25, 0, 0, 0, 235, 5
226, 30, 0, 0, 0, 236, 5
187, 40, 0, 0, 0, 238, 5
167, 45, 4, 0, 1, 239, 5
150, 50, 0, 0, 1, 240, 5
139, 55, 0, 0, 1, 241, 5
124, 60, 0, 0, 1, 242, 5
108, 65, 0, 0, 1, 243, 5
51, 85, 0, 0, -1000, 247, 5
41, 90, 0, 0, -1000, 248, 5
32, 95, 0, 0, -1000, 249, 5
24, 100, 0, 0, -1000, 250, 5
92, 70, 0, 0, -1, 244, 5
17, 110, 0, 0, -1000, 252, 5
75, 75, 0, 0, -3, 245, 5
62, 80, 0, 0, -1000, 246, 5
20, 105, 3, 0, -1000, 251, 5
15, 130, 0, 0, -1000, 256, 5
15, 135, 0, 0, -1000, 257, 5
16, 115, 0, 0, -1000, 253, 5
15, 145, 0, 0, -1000, 259, 5
15, 120, 0, 0, -1000, 254, 5
15, 125, 0, 0, -1000, 255, 5
15, 140, 0, 0, -1000, 258, 5
16, 165, 3, 0, -1000, 263, 5
17, 170, 0, 0, -1000, 264, 5
16, 150, 0, 0, -1000, 260, 5
16, 155, 0, 0, -1000, 261, 5
16, 160, 0, 0, -1000, 262, 5
17, 175, 0, 0, -1000, 265, 5
17, 180, 0, 0, -1000, 266, 5
18, 185, 0, 0, -1000, 267, 5
18, 190, 0, 0, -1000, 268, 5
19, 195, 0, 0, -1000, 269, 5
19, 200, 0, 0, -1000, 270, 5
20, 205, 0, 0, -1000, 271, 5
20, 210, 0, 0, -1000, 272, 5
20, 215, 0, 0, -1000, 273, 5
21, 220, 0, 0, -1000, 274, 5
21, 225, 2, 0, -1000, 275, 5
22, 230, 0, 0, -1000, 276, 5
22, 235, 0, 0, -1000, 277, 5
23, 240, 0, 0, -1000, 278, 5
24, 245, 0, 0, -1000, 279, 5
24, 250, 0, 0, -1000, 280, 5
25, 255, 0, 0, -1000, 281, 5
25, 260, 0, 0, -1000, 282, 5
28, 280, 0, 0, -1000, 286, 5
26, 265, 0, 0, -1000, 283, 5
27, 270, 0, 0, -1000, 284, 5
27, 275, 0, 0, -1000, 285, 5
28, 285, 2, 0, -1000, 287, 5
0, 720, 0, 0, -1000, 0, 6
100, 15, 0, 0, 1, 4, 6
99, 20, 0, 0, -1, 5, 6
100, 0, 0, 3, 1, 1, 6
100, 5, 0, 0, 1, 2, 6
99, 35, 0, 0, -1, 8, 6
98, 40, 0, 0, -1, 9, 6
97, 45, 0, 0, -1, 10, 6
100, 10, 0, 0, 1, 3, 6
96, 55, 0, 0, -1, 12, 6
95, 60, 0, 0, -1, 13, 6
94, 65, 0, 0, -1, 14, 6
93, 70, 0, 0, -1, 15, 6
92, 75, 0, 0, -1, 16, 6
91, 80, 0, 0, -1, 17, 6
90, 85, 0, 0, -1, 18, 6
89, 90, 0, 0, -2, 19, 6
87, 95, 0, 0, -2, 20, 6
86, 100, 0, 0, -2, 21, 6
85, 105, 0, 0, -2, 22, 6
83, 110, 3, 0, -2, 23, 6
82, 115, 0, 0, -2, 24, 6
81, 120, 0, 0, -2, 25, 6
80, 125, 0, 0, -2, 26, 6
79, 130, 0, 0, -2, 27, 6
78, 135, 0, 0, -2, 28, 6
77, 140, 0, 0, -3, 29, 6
76, 145, 0, 0, -3, 30, 6
75, 150, 0, 0, -3, 31, 6
74, 155, 0, 0, -3, 32, 6
73, 160, 0, 0, -3, 33, 6
72, 165, 0, 0, -4, 34, 6
71, 170, 3, 0, -4, 35, 6
70, 175, 0, 0, -5, 36, 6
69, 180, 0, 0, -1000, 37, 6
69, 185, 0, 0, -1000, 38, 6
68, 190, 0, 0, -1000, 39, 6
68, 195, 0, 0, -1000, 40, 6
67, 200, 0, 0, -1000, 41, 6
67, 205, 0, 0, -1000, 42, 6
66, 210, 0, 0, -1000, 43, 6
65, 215, 0, 0, -1000, 44, 6
65, 220, 0, 0, -1000, 45, 6
65, 225, 0, 0, -1000, 46, 6
64, 230, 2, 0, -1000, 47, 6
64, 235, 0, 0, -1000, 48, 6
63, 240, 0, 0, -1000, 49, 6
63, 245, 0, 0, -1000, 50, 6
63, 250, 0, 0, -1000, 51, 6
63, 255, 0, 0, -1000, 52, 6
99, 25, 0, 0, -1, 6, 6
62, 265, 0, 0, -1000, 54, 6
99, 30, 0, 0, -1, 7, 6
97, 50, 3, 0, -1, 11, 6
63, 260, 0, 0, -1000, 53, 6
62, 270, 0, 0, -1000, 55, 6
62, 275, 0, 0, -1000, 56, 6
62, 295, 0, 0, -1000, 60, 6
62, 300, 0, 0, -1000, 61, 6
63, 305, 0, 0, -1000, 62, 6
63, 310, 0, 0, -1000, 63, 6
63, 315, 0, 0, -1000, 64, 6
63, 320, 0, 0, -1000, 65, 6
63, 325, 0, 0, -1000, 66, 6
63, 330, 0, 0, -1000, 67, 6
63, 335, 0, 0, -1000, 68, 6
63, 340, 0, 0, -1000, 69, 6
62, 280, 0, 0, -1000, 57, 6
64, 350, 3, 0, -1000, 71, 6
64, 355, 0, 0, -1000, 72, 6
64, 360, 0, 0, -1000, 73, 6
64, 365, 0, 0, -1000, 74, 6
64, 370, 0, 0, -1000, 75, 6
64, 375, 0, 0, -1000, 76, 6
64, 380, 0, 0, -1000, 77, 6
64, 385, 0, 0, -1000, 78, 6
64, 390, 0, 0, -1000, 79, 6
64, 395, 0, 0, -1000, 80, 6
64, 400, 0, 0, -1000, 81, 6
64, 405, 0, 0, -1000, 82, 6
62, 285, 0, 0, -1000, 58, 6
62, 290, 3, 0, -1000, 59, 6
64, 420, 0, 0, -1000, 85, 6
64, 425, 0, 0, -1000, 86, 6
64, 430, 0, 0, -1000, 87, 6
64, 435, 0, 0, -1000, 88, 6
64, 440, 0, 0, -1000, 89, 6
64, 445, 0, 0, -1000, 90, 6
63, 450, 0, 0, -1000, 91, 6
63, 455, 0, 0, -1000, 92, 6
63, 460, 0, 0, -1000, 93, 6
63, 465, 0, 0, -1000, 94, 6
63, 470, 4, 0, -1000, 95, 6
63, 475, 0, 0, -1000, 96, 6
63, 480, 0, 0, -1000, 97, 6
63, 485, 0, 0, -1000, 98, 6
62, 490, 0, 0, -1000, 99, 6
65, 495, 0, 0, -1000, 100, 6
71, 0, 0, 3, -4, 101, 6
85, 0, 0, 2, -2, 102, 6
110, 0, 0, 3, 1, 103, 6
144, 0, 0, 4, 1, 104, 6
194, 0, 0, 2, 0, 105, 6
260, 0, 0, 5, 0, 106, 6
337, 0, 3, 2, 0, 107, 6
424, 0, 0, 3, 0, 108, 6
512, 0, 0, 2, 0, 109, 6
598, 0, 0, 2, 0, 110, 6
669, 0, 0, 3, 0, 111, 6
715, 0, 0, 2, 0, 112, 6
738, 0, 0, 2, 0, 113, 6
724, 5, 0, 0, 0, 114, 6
678, 10, 0, 0, 0, 115, 6
609, 15, 0, 0, 0, 116, 6
522, 20, 0, 0, 0, 117, 6
430, 25, 0, 0, 0, 118, 6
64, 345, 0, 0, -1000, 70, 6
254, 35, 0, 0, 0, 120, 6
185, 40, 0, 0, 0, 121, 6
127, 45, 0, 0, 1, 122, 6
87, 50, 0, 0, -2, 123, 6
64, 410, 3, 0, -1000, 83, 6
44, 60, 0, 0, -1000, 125, 6
33, 65, 0, 0, -1000, 126, 6
26, 70, 0, 0, -1000, 127, 6
22, 75, 0, 0, -1000, 128, 6
19, 80, 0, 0, -1000, 129, 6
17, 85, 0, 0, -1000, 130, 6
16, 90, 3, 0, -1000, 131, 6
16, 95, 0, 0, -1000, 132, 6
16, 100, 0, 0, -1000, 133, 6
15, 105, 0, 0, -1000, 134, 6
15, 110, 0, 0, -1000, 135, 6
15, 115, 0, 0, -1000, 136, 6
15, 120, 0, 0, -1000, 137, 6
16, 125, 0, 0, -1000, 138, 6
16, 130, 0, 0, -1000, 139, 6
16, 135, 0, 0, -1000, 140, 6
16, 140, 0, 0, -1000, 141, 6
16, 145, 0, 0, -1000, 142, 6
16, 150, 3, 0, -1000, 143, 6
64, 415, 0, 0, -1000, 84, 6
338, 30, 3, 0, 0, 119, 6
17, 165, 0, 0, -1000, 146, 6
18, 170, 0, 0, -1000, 147, 6
18, 175, 0, 0, -1000, 148, 6
18, 180, 0, 0, -1000, 149, 6
19, 185, 0, 0, -1000, 150, 6
19, 190, 0, 0, -1000, 151, 6
20, 195, 0, 0, -1000, 152, 6
23, 200, 0, 0, -1000, 153, 6
32, 0, 0, 3, -1000, 154, 6
47, 0, 3, 3, -1000, 155, 6
71, 0, 0, 3, -4, 156, 6
103, 0, 0, 2, 1, 157, 6
143, 0, 0, 1, 1, 158, 6
190, 0, 0, 3, 0, 159, 6
61, 55, 0, 0, -1000, 124, 6
304, 0, 0, 3, 0, 161, 6
362, 0, 0, 3, 0, 162, 6
413, 0, 0, 2, 0, 163, 6
450, 0, 0, 3, 0, 164, 6
471, 0, 0, 2, 0, 165, 6
472, 5, 0, 0, 0, 166, 6
458, 10, 3, 0, 0, 167, 6
428, 15, 0, 0, 0, 168, 6
387, 20, 0, 0, 0, 169, 6
333, 25, 0, 0, 0, 170, 6
275, 30, 0, 0, 0, 171, 6
219, 35, 0, 0, 0, 172, 6
168, 40, 0, 0, 1, 173, 6
126, 45, 0, 0, 1, 174, 6
94, 50, 0, 0, -1, 175, 6
68, 55, 0, 0, -1000, 176, 6
49, 60, 0, 0, -1000, 177, 6
35, 65, 0, 0, -1000, 178, 6
26, 70, 2, 0, -1000, 179, 6
22, 75, 0, 0, -1000, 180, 6
19, 80, 0, 0, -1000, 181, 6
17, 85, 0, 0, -1000, 182, 6
16, 90, 0, 0, -1000, 183, 6
16, 95, 0, 0, -1000, 184, 6
15, 100, 0, 0, -1000, 185, 6
15, 105, 0, 0, -1000, 186, 6
15, 110, 0, 0, -1000, 187, 6
15, 115, 0, 0, -1000, 188, 6
15, 120, 0, 0, -1000, 189, 6
16, 125, 0, 0, -1000, 190, 6
16, 130, 2, 0, -1000, 191, 6
16, 135, 0, 0, -1000, 192, 6
16, 140, 0, 0, -1000, 193, 6
17, 145, 0, 0, -1000, 194, 6
17, 150, 0, 0, -1000, 195, 6
17, 155, 0, 0, -1000, 196, 6
18, 160, 0, 0, -1000, 197, 6
18, 165, 0, 0, -1000, 198, 6
18, 170, 0, 0, -1000, 199, 6
19, 175, 0, 0, -1000, 200, 6
19, 180, 0, 0, -1000, 201, 6
20, 185, 0, 0, -1000, 202, 6
20, 190, 4, 0, -1000, 203, 6
21, 195, 0, 0, -1000, 204, 6
21, 200, 0, 0, -1000, 205, 6
22, 205, 0, 0, -1000, 206, 6
22, 210, 0, 0, -1000, 207, 6
23, 215, 0, 0, -1000, 208, 6
23, 220, 0, 0, -1000, 209, 6
24, 225, 0, 0, -1000, 210, 6
24, 230, 0, 0, -1000, 211, 6
25, 235, 0, 0, -1000, 212, 6
26, 240, 0, 0, -1000, 213, 6
29, 245, 0, 0, -1000, 214, 6
36, 0, 3, 4, -1000, 215, 6
44, 0, 0, 3, -1000, 216, 6
57, 0, 0, 2, -1000, 217, 6
74, 0, 0, 3, -3, 218, 6
93, 0, 0, 3, -1, 219, 6
115, 0, 0, 0, 1, 220, 6
17, 155, 0, 0, -1000, 144, 6
167, 0, 0, 2, 1, 222, 6
195, 0, 0, 3, 0, 223, 6
224, 0, 0, 2, 0, 224, 6
254, 0, 0, 3, 0, 225, 6
278, 0, 0, 4, 0, 226, 6
296, 0, 2, 2, 0, 227, 6
312, 0, 0, 2, 0, 228, 6
326, 0, 0, 2, 0, 229, 6
338, 0, 0, 3, 0, 230, 6
341, 5, 0, 0, 0, 231, 6
334, 10, 0, 0, 0, 232, 6
319, 15, 0, 0, 0, 233, 6
298, 20, 0, 0, 0, 234, 6
276, 25, 0, 0, 0, 235, 6
256, 30, 0, 0, 0, 236, 6
17, 160, 0, 0, -1000, 145, 6
244, 0, 0, 3, 0, 160, 6
176, 45, 2, 0, 1, 239, 6
153, 50, 0, 0, 1, 240, 6
136, 55, 0, 0, 1, 241, 6
119, 60, 0, 0, 1, 242, 6
102, 65, 0, 0, 1, 243, 6
85, 70, 0, 0, -2, 244, 6
69, 75, 0, 0, -1000, 245, 6
57, 80, 0, 0, -1000, 246, 6
47, 85, 0, 0, -1000, 247, 6
38, 90, 0, 0, -1000, 248, 6
30, 95, 0, 0, -1000, 249, 6
22, 100, 0, 0, -1000, 250, 6
18, 105, 3, 0, -1000, 251, 6
16, 110, 0, 0, -1000, 252, 6
15, 115, 0, 0, -1000, 253, 6
15, 120, 0, 0, -1000, 254, 6
15, 125, 0, 0, -1000, 255, 6
15, 130, 0, 0, -1000, 256, 6
15, 135, 0, 0, -1000, 257, 6
15, 140, 0, 0, -1000, 258, 6
15, 145, 0, 0, -1000, 259, 6
15, 150, 0, 0, -1000, 260, 6
16, 155, 0, 0, -1000, 261, 6
16, 160, 0, 0, -1000, 262, 6
16, 165, 2, 0, -1000, 263, 6
17, 170, 0, 0, -1000, 264, 6
17, 175, 0, 0, -1000, 265, 6
17, 180, 0, 0, -1000, 266, 6
18, 185, 0, 0, -1000, 267, 6
18, 190, 0, 0, -1000, 268, 6
19, 195, 0, 0, -1000, 269, 6
19, 200, 0, 0, -1000, 270, 6
20, 205, 0, 0, -1000, 271, 6
20, 210, 0, 0, -1000, 272, 6
21, 215, 0, 0, -1000, 273, 6
21, 220, 0, 0, -1000, 274, 6
22, 225, 2, 0, -1000, 275, 6
22, 230, 0, 0, -1000, 276, 6
23, 235, 0, 0, -1000, 277, 6
24, 240, 0, 0, -1000, 278, 6
24, 245, 0, 0, -1000, 279, 6
25, 250, 0, 0, -1000, 280, 6
26, 255, 0, 0, -1000, 281, 6
26, 260, 0, 0, -1000, 282, 6
27, 265, 0, 0, -1000, 283, 6
28, 270, 0, 0, -1000, 284, 6
28, 275, 0, 0, -1000, 285, 6
29, 280, 0, 0, -1000, 286, 6
30, 285, 2, 0, -1000, 287, 6
139, 0, 0, 3, 1, 221, 6
203, 40, 0, 0, 0, 238, 6
230, 35, 0, 0, 0, 237, 6
